"Data","mean(Media)","mean(Minima)","mean(Maxima)"
1931-03-01,1264,1247,1283
1931-04-01,1213,1167,1273
1931-05-01,1024,865,1173
1931-06-01,707,529,845
1931-07-01,307,193,511
1931-08-01,98,0,205
1931-09-01,89,0,242
1931-10-01,211,130,402
1931-11-01,542,412,629
1931-12-01,827,619,1042
1932-01-01,1140,1070,1244
1932-02-01,1370,1260,1434
1932-03-01,1505,1439,1548
1932-04-01,1519,1468,1551
1932-05-01,1383,1299,1460
1932-06-01,1132,984,1298
1932-07-01,858,682,1032
1932-08-01,491,328,678
1932-09-01,270,204,352
1932-10-01,336,200,578
1932-11-01,738,571,964
1932-12-01,941,900,1006
1933-01-01,1081,898,1212
1933-02-01,1375,1220,1465
1933-03-01,1439,1424,1474
1933-04-01,1500,1482,1514
1933-05-01,1319,1077,1496
1933-06-01,1001,805,1133
1933-07-01,529,360,780
1933-08-01,201,98,352
1933-09-01,63,38,107
1933-10-01,236,74,288
1933-11-01,246,190,353
1933-12-01,460,189,753
1934-01-01,760,609,967
1934-02-01,1155,992,1228
1934-03-01,1302,1230,1364
1934-04-01,1364,1336,1381
1934-05-01,1170,978,1336
1934-06-01,777,628,959
1934-07-01,427,245,610
1934-08-01,155,109,244
1934-09-01,99,37,190
1934-10-01,138,86,225
1934-11-01,478,155,737
1934-12-01,757,528,960
1935-01-01,1071,954,1186
1935-02-01,1203,1182,1226
1935-03-01,1264,1190,1311
1935-04-01,1179,1057,1285
1935-05-01,835,600,1068
1935-06-01,563,490,602
1935-07-01,312,146,480
1935-08-01,188,151,237
1935-09-01,63,4,150
1935-10-01,107,5,165
1935-11-01,252,152,580
1935-12-01,610,400,887
1936-01-01,1002,862,1053
1936-02-01,1197,1089,1248
1936-03-01,1198,1120,1254
1936-04-01,1081,970,1137
1936-05-01,908,823,967
1936-06-01,835,718,897
1936-07-01,557,428,715
1936-08-01,294,199,434
1936-09-01,181,147,234
1936-10-01,164,118,191
1936-11-01,197,99,298
1936-12-01,512,308,650
1937-01-01,879,663,978
1937-02-01,1048,984,1164
1937-03-01,1245,1170,1341
1937-04-01,1218,1081,1342
1937-05-01,1010,957,1070
1937-06-01,784,690,955
1937-07-01,562,399,696
1937-08-01,264,144,388
1937-09-01,111,50,230
1937-10-01,207,90,360
1937-11-01,283,195,388
1937-12-01,351,253,476
1938-01-01,751,482,995
1938-02-01,1111,1002,1151
1938-03-01,1221,1133,1270
1938-04-01,1193,1097,1256
1938-05-01,920,790,1079
1938-06-01,526,301,779
1938-07-01,287,161,435
1938-08-01,129,43,164
1938-09-01,40,1,62
1938-10-01,103,35,293
1938-11-01,315,192,484
1938-12-01,436,146,762
1939-01-01,834,760,968
1939-02-01,1109,985,1225
1939-03-01,1271,1202,1367
1939-04-01,1381,1330,1398
1939-05-01,1176,978,1320
1939-06-01,699,514,964
1939-07-01,470,384,538
1939-08-01,346,176,509
1939-09-01,188,176,223
1939-10-01,322,177,485
1939-11-01,508,334,746
1939-12-01,817,576,1016
1940-01-01,1104,1008,1208
1940-02-01,1227,1206,1274
1940-03-01,1345,1279,1381
1940-04-01,1292,1187,1374
1940-05-01,1092,1044,1170
1940-06-01,999,926,1076
1940-07-01,672,484,894
1940-08-01,453,317,506
1940-09-01,275,221,375
1940-10-01,420,366,454
1940-11-01,561,415,694
1940-12-01,826,656,1007
1941-01-01,960,919,1014
1941-02-01,1267.5,961,1463
1941-03-01,1447,1422,1466
1941-04-01,1413,1349,1442
1941-05-01,1229,1043,1338
1941-06-01,880,676,1034
1941-07-01,579,470,760
1941-08-01,450,388,492
1941-09-01,260,212,372
1941-10-01,450,192,690
1941-11-01,701,600,855
1941-12-01,976,776,1079
1942-01-01,1063,1001,1115
1942-02-01,1287,1087,1358
1942-03-01,1344,1307,1364
1942-04-01,1360,1313,1377
1942-05-01,1222,1102,1307
1942-06-01,1035,954,1092
1942-07-01,746,542,1018
1942-08-01,470,430,543
1942-09-01,383,335,456
1942-10-01,544,441,603
1942-11-01,530,465,673
1942-12-01,352,244,511
1943-01-01,807,568,996
1943-02-01,1073,947,1190
1943-03-01,1168,1105,1242
1943-04-01,1202,1136,1236
1943-05-01,1043,934,1119
1943-06-01,905,830,956
1943-07-01,651,466,815
1943-08-01,292,202,449
1943-09-01,151,82,220
1943-10-01,178,132,394
1943-11-01,756,418,873
1943-12-01,952,867,980
1944-01-01,1175,960,1290
1944-02-01,1299,1279,1324
1944-03-01,1377,1330,1420
1944-04-01,1338,1169,1423
1944-05-01,965,709,1158
1944-06-01,620,428,704
1944-07-01,390,255,545
1944-08-01,184,150,255
1944-09-01,105,60,150
1944-10-01,126,49,204
1944-11-01,456,202,655
1944-12-01,494,390,654
1945-01-01,670,545,776
1945-02-01,1025,793,1148
1945-03-01,1193,1137,1221
1945-04-01,1234,1154,1298
1945-05-01,985,810,1169
1945-07-01,335,195,480
1945-08-01,146,110,184
1945-09-01,39,3,133
1945-10-01,207,110,295
1945-11-01,360,285,540
1945-12-01,583,542,670
1946-01-01,892,707,1003
1946-02-01,1092,1014,1140
1946-03-01,1181,1143,1237
1946-04-01,1187,1056,1264
1946-05-01,1002,968,1038
1946-06-01,896,752,1038
1946-07-01,651,566,745
1946-08-01,427,335,558
1946-09-01,237,135,327
1946-10-01,227,105,342
1946-11-01,265,242,340
1946-12-01,653,253,929
1947-01-01,915,810,1060
1947-02-01,1077.5,942,1206
1947-03-01,1264,1179,1374
1947-04-01,1189,1114,1316
1947-05-01,1114,1004,1237
1947-06-01,754,558,1026
1947-07-01,536,403,668
1947-08-01,258,89,386
1947-09-01,109,75,166
1947-10-01,145,110,194
1947-11-01,485,209,629
1947-12-01,659,572,797
1948-01-01,927,719,1066
1948-02-01,1158,1003,1282
1948-03-01,1329,1271,1428
1948-04-01,1320,1179,1414
1948-05-01,996,754,1168
1948-07-01,421,296,595
1948-08-01,294,187,394
1948-09-01,145,109,178
1948-10-01,198,60,429
1948-11-01,383,308,542
1948-12-01,859,534,1116
1949-01-01,1211,1108,1288
1949-02-01,1358,1285,1406
1967-04-01,NA,NA,NA
1967-05-01,1685,1548,1897
1967-06-01,1446,1312,1543
1967-07-01,1169,1081,1295
1967-08-01,1055,968,1188
1967-09-01,948,920,973
1967-10-01,958,505.5,1041
1967-11-01,1189,1049,1286
1967-12-01,1315,1186,1485
1968-01-01,1513,1439,1720
1968-02-01,1867,1735,2046
1968-03-01,2112,2059,2141
1968-04-01,1972,1853,2085
1968-05-01,1585,1359,1836
1968-06-01,1203,1120,1343
1968-07-01,1048,1005,1110
1968-08-01,952,911,1017
1968-09-01,1002,943,1103
1968-10-01,985,917,1127
1968-11-01,1166,1096,1282
1968-12-01,1369.5,1218,1692
1969-01-01,1812,1723,1899
1969-02-01,1925,1864,1977
1969-03-01,1963,1921,2013
1969-04-01,1944,1835,2006
1969-05-01,1661,1501,1818
1969-06-01,1488,1395,1587
1969-07-01,1283,1120,1446
1969-08-01,1029.75,920.75,1105
1969-09-01,888.75,869.25,918
1969-10-01,940.5,863.75,1022
1969-11-01,1110,982,1305
1969-12-01,1470,1304,1635
1970-01-01,1643,1607,1686
1970-02-01,1834,1626,1943
1970-03-01,2037,1936,2123
1970-04-01,2057,1999,2096
1970-05-01,1940,1837,2045
1970-06-01,1680,1555,1870
1970-07-01,1375,1209,1564
1970-08-01,1123,1046,1207
1970-09-01,1086,1027,1171
1970-10-01,1027,981,1084
1970-11-01,1125,1043,1222
1970-12-01,1256,1018,1669
1971-01-01,1749,1664,1848
1971-02-01,2039,1873,2132
1971-03-01,2152.5,2136,2166
1971-04-01,2060,2003,2146
1971-05-01,1774,1572,2025
1971-06-01,1422,1286,1588
1971-07-01,1249,1089,1343
1971-08-01,1052,986,1123
1971-09-01,1011,959,1087
1971-10-01,1135,938,1222
1971-11-01,1285,1153,1339
1971-12-01,1523,1342,1714
1972-01-01,1744,1599,1889
1972-02-01,1986,1897,2120
1972-03-01,2159,2123,2209
1972-04-01,2180,2060,2219
1972-05-01,1901,1711,2046
1972-06-01,1652.5,1554,1737
1972-07-01,1306,1184,1562
1972-08-01,1185,1041,1310
1972-09-01,1306,1139,1416
1972-10-01,1354,1281,1433
1972-11-01,1308,1170,1622
1972-12-01,1711,1548,1870
1973-01-01,1872,1796,2008
1973-02-01,2114,2015,2198
1973-03-01,2235,2207,2250
1973-04-01,2240,2191,2258
1973-05-01,2071,1923,2179
1973-06-01,1808,1694,1912
1973-07-01,1487,1330,1679
1973-08-01,1268,1185,1326
1973-09-01,1144,1074,1247
1973-10-01,1149,1083,1256
1973-11-01,1437,1233,1556
1973-12-01,1771,1583,1911
1974-01-01,2038,1921,2136
1974-02-01,2191,2137,2270
1974-03-01,2316,2274,2339
1974-04-01,2270,2253,2309
1974-05-01,2138,1989,2260
1974-06-01,1823,1620,1978
1974-07-01,1456,1310,1610
1974-08-01,1219,1160,1306
1974-09-01,1096,1026,1186
1974-10-01,1107,1013,1270
1974-11-01,1393,1293,1521
1974-12-01,1535,1303,1726
1975-01-01,1887,1739,2059
1975-02-01,2166,2081,2228
1975-03-01,2263,2235,2276
1975-04-01,2252,2159,2283
1975-05-01,2047,1893,2151
1975-06-01,1725,1512,1881
1975-07-01,1479,1425,1513
1975-08-01,1207,1096,1396
1975-09-01,1055,982,1120
1975-10-01,1222,1122,1276
1975-11-01,1253,1105,1436
1975-12-01,1675,1451,1773
1976-01-01,2002,1789,2139
1976-02-01,2213,2146,2276
1976-03-01,2290,2276,2306
1976-04-01,2254,2111,2306
1976-05-01,2047,1977,2104
1976-06-01,1744,1504,1968
1976-07-01,1341,1167,1491
1976-08-01,1086,1049,1158
1976-09-01,1023.5,973,1072
1976-10-01,1046,1018,1080
1976-11-01,1222,1073,1350
1976-12-01,1451,1284,1673
1977-01-01,1948,1684,2040
1977-02-01,2083,2025,2179
1977-03-01,2276,2192,2305
1977-04-01,2249,2166,2296
1977-05-01,2105,1936,2192
1977-06-01,1788,1642,1926
1977-07-01,1474,1320,1634
1977-08-01,1219,1133,1303
1977-09-01,1101,1079,1138
1977-10-01,1209,1086,1287
1977-11-01,1466,1270,1691
1977-12-01,1762,1663,1865
1978-01-01,2048,1895,2122
1978-02-01,2190,2127,2228
1978-03-01,2300,2239,2319
1978-04-01,2247,2189,2318
1978-05-01,2049,1924,2187
1978-06-01,1771,1606,1926
1978-07-01,1502,1362,1598
1978-08-01,1164,1044,1355
1978-09-01,1003,977,1038
1978-10-01,1052,1020,1144
1978-11-01,1256,1147,1325
1978-12-01,1778,1281,2011
1979-01-01,2132,2027,2170
1979-02-01,2251,2173,2287
1979-03-01,2299,2268,2346
1979-04-01,2331,2295,2358
1979-05-01,2214,2108,2302
1979-06-01,1881,1657,2099
1979-07-01,1497,1374,1643
1979-08-01,1175,1094,1360
1979-09-01,1070,1016,1207
1979-10-01,1082,1040,1124
1979-11-01,1156,1026,1299
1979-12-01,1349,1247,1593
1980-01-01,1748,1605,1877
1980-02-01,1986.5,1885,2082
1980-03-01,2189,2091,2249
1980-04-01,2237,2138,2264
1980-05-01,2060,2003,2122
1980-06-01,1869,1744,1992
1980-07-01,1518,1307,1733
1980-08-01,1232,1188,1292
1980-09-01,1203,1105,1267
1980-10-01,1223,1085,1341
1980-11-01,1292,1251,1330
1980-12-01,1448,1242,1535
1981-01-01,1685,1454,1962
1981-02-01,2049,1973,2160
1981-03-01,2217,2167,2260
1981-04-01,2249,2202,2281
1981-05-01,2126,2063,2197
1981-06-01,1924,1787,2069
1981-07-01,1443,1225,1749
1981-08-01,1111,1045,1200
1981-09-01,1020,960,1120
1981-10-01,1132,1010,1367
1981-11-01,1434,1363,1509
1981-12-01,1730,1518,1894
1982-01-01,2127,1890,NA
1982-02-01,2245,2220.5,2276
1982-03-01,2313,2278,2346
1982-04-01,2362,2347,2370
1982-05-01,NA,NA,NA
1982-06-01,NA,NA,NA
1982-07-01,NA,NA,NA
1982-08-01,NA,NA,NA
1982-09-01,NA,NA,NA
1982-10-01,NA,NA,NA
1982-11-01,NA,NA,NA
1982-12-01,1808,1761.5,1935
1983-01-01,1943,1878.5,1993.5
1983-02-01,2085,1980,2163.5
1983-03-01,2214,2163,2276
1983-04-01,2224,2179,2259
1983-05-01,2130,2082.5,2183
1983-06-01,1921.5,1795.5,2074
1983-07-01,1758,1592.5,1813
1983-08-01,1395,1276,1570
1983-09-01,1166,1117,1270
1983-10-01,1098,1055.5,1343.5
1983-11-01,1230,1130,1361.5
1983-12-01,1481,1365.5,1548
1984-01-01,1881,1537.5,2062
1984-02-01,2142,2066,2224
1984-03-01,2278,2228,2317
1984-04-01,2357,2320,2384
1984-05-01,2297,2186.5,2370
1984-06-01,2018.5,1828,2177.5
1984-07-01,1701,1457.5,1823.5
1984-08-01,1264,1185.5,1429
1984-09-01,1102,1039.5,1182.5
1984-10-01,1091,1035.5,1281
1984-11-01,1512,1293.5,1745
1984-12-01,1768,1683,1845
1985-01-01,2015.5,1808,2155
1985-02-01,2171,2143.5,2204.5
1985-03-01,2204,2173,2237.5
1985-04-01,2221,2188.5,2255.5
1985-05-01,2202,2093,2273
1985-06-01,1920,1720,2083.5
1985-07-01,1552,1361.5,1710.5
1985-08-01,1344.5,1217.5,1552.5
1985-09-01,1173,1111,1232
1985-10-01,1250.5,1200.5,1284
1985-11-01,1425,1243,1590.5
1985-12-01,1606,1483.5,1818
1986-01-01,1964.5,1840,2114
1986-02-01,2206.5,2120,2258
1986-03-01,2304,2260.5,2362.5
1986-04-01,NA,NA,NA
1986-05-01,2224.5,2159.5,2314.5
1986-06-01,2029,1859,2196.5
1986-07-01,1701,1529,1839
1986-08-01,1380,1288,1514
1986-09-01,1279,1234,1313
1986-10-01,1331,1291,1368
1986-11-01,1270,1191,1429
1986-12-01,1633,1451,1788
1987-01-01,1928,1751,2057
1987-02-01,2084,2030,2123
1987-03-01,2059,1968,2114
1987-04-01,1947,1886,2000
1987-05-01,1886,1751,1925
1987-06-01,1502,1354,1729
1987-07-01,1219,1111,1341
1987-08-01,1078,995,1142
1987-09-01,951,911,990
1987-10-01,1000,951,1091
1987-11-01,1367,1125,1584
1987-12-01,1758,1602,1879
1988-01-01,1995,1913,2092
1988-02-01,2146,2101,2178
1988-03-01,2225,2182,2309
1988-04-01,2347,2315,2369
1988-05-01,2231,2110,2321
1988-06-01,1974,1726,2118
1988-07-01,1524,1355,1698
1988-08-01,1188,1076,1339
1988-09-01,979,928,1040
1988-10-01,1032.5,988,1093.5
1988-11-01,1214,1043.5,1351
1988-12-01,1470.5,1361,1634.5
1989-01-01,1818.5,1645,1979.5
1989-02-01,2112.5,1990.5,2207
1989-03-01,2257,2203,2283
1989-04-01,2217,2133,2256
1989-05-01,1980,1833,2123
1989-06-01,1695,1602,1824
1989-07-01,1449,1286,1593
1989-08-01,1216,1163,1281
1989-09-01,1180,1118,1287
1989-10-01,1152,1081,1273
1989-11-01,1238.5,1165.5,1343.5
1989-12-01,1502.5,1349,1644
1990-01-01,1883,1687.5,2050.5
1990-02-01,2132.5,2000,2231.5
1990-03-01,2196.5,2134.5,2255.5
1990-04-01,2102,2060,2143
1990-05-01,2013,1945.5,2059.5
1990-06-01,1937,1894,1953.5
1990-11-01,NA,NA,NA
1990-12-01,1580.5,1480,1668
1991-01-01,1808.5,1660.25,1962.5
1991-02-01,2110.5,1970.5,2240
1991-03-01,2285.5,2243,2357.5
1991-04-01,2298.25,2193.25,2374.25
1991-05-01,2061.75,1937.5,2181.5
1991-06-01,1852.25,1760.25,1932.25
1991-07-01,1679,1582,1782.5
1991-08-01,1483.25,1363.5,1587.5
1991-09-01,1255,1148.5,1357.5
1991-10-01,NA,NA,NA
1991-11-01,NA,NA,NA
1991-12-01,1474.5,1301.75,1679
1992-01-01,1947,1663,2063
1992-02-01,2011,1932,2188
1992-03-01,2272,2204,2299
1992-04-01,2262,2222,2299
1992-05-01,2182,2018,2256
1992-06-01,1940,1842,2038
1992-07-01,1776,1578,1954
1992-08-01,1338,1158,1559
1992-09-01,1433,1304,1593
1992-10-01,1564,1481,1651
1992-11-01,1521,1459.5,1668
1992-12-01,1834,1698.5,1950
1993-01-01,2137,1967.5,2250
1993-02-01,2341,2259,2405.5
1993-03-01,2428,2408,2446.5
1993-04-01,2449,2438,2458
1993-05-01,2299,2121,2442
1993-06-01,1859,1655.5,2023
1993-07-01,1430.25,1232.75,1649.5
1993-08-01,1263.25,1108.25,1374
1993-09-01,1170.5,1118,1233.5
1993-10-01,1151,1116,1196
1993-11-01,1405,1196,1754.5
1993-12-01,1713,1564,1916
1994-01-01,1989.5,1926.5,2017.5
1994-02-01,2154.5,2022,2250
1994-03-01,NA,NA,NA
1994-04-01,2216,2187,2229
1994-05-01,NA,NA,NA
1994-06-01,1640.5,1476.5,1799
1994-07-01,1317,1152,1474
1994-08-01,1102.5,1031,1181
1994-09-01,NA,NA,NA
1994-10-01,NA,NA,NA
1994-11-01,1451.5,1191.5,1605.5
1994-12-01,1588.5,1438,1854.5
1995-01-01,1946.5,1856.5,2027
1995-02-01,2041.5,1994.5,2151.5
1995-03-01,2214,2159,2245
1995-04-01,2220,2129,2259.5
1995-05-01,1992,1861.5,2117
1995-06-01,1618.5,1429,1848.5
1995-07-01,1312.5,1252.5,1442.5
1995-08-01,1191,1071.5,1318.5
1995-09-01,971,929,1063.5
1995-10-01,970,950,1002
1995-11-01,1080,1000,1302.5
1995-12-01,1531,1313,1645.5
1996-01-01,1736,1546,1959.5
1996-02-01,2043.5,1964.5,2071
1996-03-01,2114.5,2064.5,2146.5
1996-04-01,2157.5,2097.5,2181
1996-05-01,1871.5,1726,2086
1996-06-01,1572.5,1435,1736
1996-07-01,1299.5,1157,1424.5
1996-08-01,5029.5,4970.5,NA
1996-09-01,1043,993,1119.5
1996-10-01,1104.75,1003,1189
1996-11-01,1403,1137,1565
1996-12-01,1602,1462.5,1775.5
1997-01-01,1901.5,1598.5,2026.5
1997-02-01,2108,1631,2244
1997-03-01,2325,2248.5,2362
1997-04-01,2377.5,2331,2412.5
1997-05-01,2221,2085.5,2328.5
1997-06-01,1921,1762,2078.5
1997-07-01,1554.5,1387.5,1743
1997-08-01,1254,1154,1380.5
1997-09-01,1077,1027,1163
1997-10-01,1142.5,1045,1336
1997-11-01,1301,1226,1366.5
1997-12-01,1589,1318,1786
1998-01-01,1807,1757,1848.5
1998-02-01,1892,1804.5,1984.5
1998-03-01,2132.5,2001.5,2234.5
1998-04-01,2187,2095.5,2244
1998-05-01,1882,1651.5,2088.5
1998-06-01,1479,1318,1634.5
1998-07-01,1206,1078,1333.5
1998-08-01,1036,1002,1082.5
1998-09-01,1014,962.5,1080
1998-10-01,1086.5,938,1280
1998-11-01,1473,1220,1574
1998-12-01,1767,1565,1826.5
1999-01-01,1953,1750,2051
1999-02-01,2131,2026,2201.5
1999-03-01,2189.5,2169,2224.5
1999-04-01,2166,2032,2234
1999-05-01,1902,1752.5,2018.5
1999-06-01,1578,1449,1738.5
1999-07-01,1365,1248,1495
1999-08-01,1092,985.5,1247.5
1999-09-01,971,936,1096.5
1999-10-01,1027.5,943,1128.5
1999-11-01,1105,941,1237.5
1999-12-01,1475,1255.5,1703
2000-01-01,1757,1696,1902
2000-02-01,1972.75,1913,2009
2000-03-01,2100,1965.25,2193
2000-04-01,2061,1964.25,2185.75
2000-05-01,1788,1563.25,1966.25
2000-06-01,1524,1439.25,1628
2000-07-01,1284,1172,1425
2000-08-01,1108,1048.25,1194
2000-09-01,1131,1034,1230
2000-10-01,1031.25,1002,1066.75
2000-11-01,1320,1070.75,1460
2000-12-01,1584,1386,1749.75
2001-01-01,1861,1574,2103.5
2001-02-01,2142,2105,2203.5
2001-03-01,2297,2210.5,2328
2001-04-01,2247,2142,2304
2001-05-01,2019.25,1855,2142
2001-06-01,1737,1574.75,1874
2001-07-01,1393,1308.75,1561
2001-08-01,1170,1048.25,1297.25
2001-09-01,1019,997.25,1078
2001-10-01,1083,1021,1211
2001-11-01,1383,1194,1489
2001-12-01,1651,1476.75,1877
2002-01-01,1911,1848.25,1962.75
2002-02-01,2003,1836.25,2163.5
2002-03-01,2210,2168.25,2226
2002-04-01,2118,2016.5,2198.75
2002-05-01,1900,1731.75,2059
2002-06-01,1660,1504.25,1722.25
2002-07-01,1319,1217.5,1489
2002-08-01,1113,1016,1211.25
2002-09-01,1019,968,1078
2002-10-01,1091,972.5,1257
2002-11-01,1265,1110,1376
2002-12-01,1548,1226,1723.5
2003-01-01,1819,1710,2021.25
2003-02-01,2058,2028,2087
2003-03-01,2150,2064.5,2240.75
2003-04-01,2225,2159,2255
2003-05-01,1934,1730.25,2145
2003-06-01,1630,1534,1726.75
2003-07-01,1295,1124.5,1520
2003-08-01,1088,1022.25,1119
2003-09-01,995,960,1017.75
2003-10-01,1104,976,1321.5
2003-11-01,1201,1096,1309.5
2003-12-01,1457,1226,1680
2004-01-01,1937,1670,2097
2004-02-01,2086,1988,2182
2004-03-01,2077,2022.25,2176.25
2004-04-01,2060,2010,2128
2004-05-01,1856,1680,2061.5
2004-06-01,1539,1368.5,1736
2004-07-01,1303,1199.5,1369.75
2004-08-01,1128,960.25,1286.75
2004-09-01,993,944,1091.25
2004-10-01,1033,943,1163.5
2004-11-01,1268,1177.25,1459.5
2004-12-01,1555,1452,1695
2005-01-01,1832,1705.25,1917.75
2005-02-01,1921,1826,2068
2005-03-01,2116,2074.5,2144.75
2005-04-01,2045,1873.25,2151.75
2005-05-01,1690,1560,1870.75
2005-06-01,1494,1410.5,1581.75
2005-07-01,1224,1077.25,1403.5
2005-08-01,987,923.25,1072.75
2005-09-01,907.75,894,924.75
2005-10-01,1000,912,1198
2005-11-01,1291.5,1174.75,1395
2005-12-01,1592,1396.25,1673.5
2006-01-01,1922.25,1637.75,2143.75
2006-02-01,2204,2149,2287
2006-03-01,2285,2244,2316
2006-04-01,2289,2250.25,2317.25
2006-05-01,1976,1763,2247.25
2006-06-01,1577,1438.25,1750
2006-07-01,1295,1154.5,1437.75
2006-08-01,1076.25,991,1169.75
2006-09-01,971,940,1009
2006-10-01,1086,955.25,1336.5
2006-11-01,1430,1312,1583.5
2006-12-01,1653,1426.25,1825
2007-01-01,1923,1834.5,1995.75
2007-02-01,2064,1992.5,2172.75
2007-03-01,2243,2175.75,2294
2007-04-01,2304,2262.5,2327
2007-05-01,2155,2042.25,2266
2007-06-01,1797,1553,2036.5
2007-07-01,1365,1230,1541.25
2007-08-01,1157,1025.25,1381.75
2007-09-01,972,944,1021.75
2007-10-01,1029,942,1202.75
2007-11-01,1390,1185,1504.75
2007-12-01,1706,1546.25,1873
2008-01-01,1991,1818,2131.75
2008-02-01,2237,2136,2286
2008-03-01,2309,2285,2333
2008-04-01,2339,2301.25,2362
2008-05-01,2195,2028.5,2296.75
2008-06-01,1849,1651,2020.5
2008-07-01,1427.25,1293.25,1642
2008-08-01,1199,1140,1307.25
2008-09-01,1073,1032,1145.5
2008-10-01,1104,1032,1195.5
2008-11-01,1248,1146.5,1334
2008-12-01,1354,1246,1622
2009-01-01,1817.33333333333,1645.83333333333,1932.83333333333
2009-02-01,NA,NA,NA
2009-03-01,2212,2136.25,2257.5
2009-04-01,2268,2236.25,2287
2009-05-01,2147,1999.75,2254.75
2009-06-01,1858,1697.25,1991.5
2009-07-01,1599,1425.25,1736
2009-08-01,1328,1237,1424
2009-09-01,1132,1074,1253.75
2009-10-01,1173,1109,1218.25
2009-11-01,1345,1201.25,1476.75
2009-12-01,1711,1475.25,1944
2010-01-01,1975,1882.25,2122
2010-02-01,2156,2127.25,2189.75
2010-03-01,2241.75,2191,2272.25
2010-04-01,2188,2018.5,2290
2010-05-01,1912,1699.25,2064
2010-06-01,1503,1274.5,1715.75
2010-07-01,1174,1087,1267.25
2010-08-01,1040,961.25,1143.5
2010-09-01,965,932,1021.75
2010-10-01,955,904,1015.5
2010-11-01,1112,1018.75,1200.25
2010-12-01,1335,1211.5,1495.5
2011-01-01,1686,1502.5,1869
2011-02-01,2026,1887.25,2146.75
2011-03-01,2223,2154.5,2274
2011-04-01,2316,2273.75,2343
2011-05-01,2079,1854,2263.5
2011-06-01,1615,1392.5,1844.25
2011-07-01,1280,1182.5,1390
2011-08-01,1132,1014,1241.5
2011-09-01,1008,979,1041.75
2011-10-01,1093,1001,1220
2011-11-01,1121,1076.25,1177.5
2011-12-01,1422,1190,1620.75
2012-01-01,1788,1636.25,1930.5
2012-02-01,2076,1939.75,2217.5
2012-03-01,2252,2220.25,2272
2012-04-01,2193,2132,2264.75
2012-05-01,2051,1948,2157
2012-06-01,1825,1656.5,2030.75
2012-07-01,1581,1378.25,1749
2012-08-01,1221,1101.25,1367.5
2012-09-01,1031,986,1098
2012-10-01,1094,993.25,1216
2012-11-01,1173,1077.25,1365.5
2012-12-01,1537,1395.25,1771.75
2013-01-01,NA,NA,NA
2013-02-01,2042,1931.25,2169.25
2013-03-01,NA,NA,NA
2013-04-01,NA,NA,NA
2013-05-01,1959,1808.5,2155
2013-06-01,1675,1526.25,1813.75
2013-07-01,1495,1285.25,1665.5
2013-08-01,1184,1110.75,1280.75
2013-09-01,1144,1069.75,1245
2013-10-01,1261,1087.25,1490.25
2013-11-01,1644,1496.5,1760.75
2013-12-01,1827,1678,2048
2014-01-01,2114,1982.5,2204.75
2014-02-01,2327,2210.25,2434.75
2014-03-01,2502,2437.25,2552.25
2014-04-01,NA,NA,NA
2014-05-01,NA,NA,NA
2014-06-01,2156,1975,2290.75
2014-07-01,1835,1633.25,1959
2014-08-01,1460,1296.75,1638
2014-09-01,1192,1148.25,1285.25
2014-10-01,1191,1135.25,1271.75
2014-11-01,1294,1146,1490
2014-12-01,1697,1497.5,1911
2015-01-01,2056,1924,2190
2015-02-01,2231,2194,2287
2015-03-01,2332,2290,2351
2015-04-01,2292,2259,2343
2015-05-01,2269,2210,2315
2015-06-01,2130,1949,2238
2015-07-01,1840,1706,1938
2015-08-01,1540,1360,1698
2015-09-01,1228,1112,1350
2015-10-01,1129,1080,1180
2015-11-01,1275,1078,1422
2015-12-01,1387,1249,1528
2016-01-01,1694,1526,1826
2016-02-01,NA,NA,NA
2016-03-01,2134,2024,2180
2016-04-01,2099,2039,2169
2016-05-01,1865,1680,2061
2016-06-01,NA,NA,NA
2016-07-01,1219,1096,1314
2016-08-01,1011,959,1086
2016-09-01,977,944,1022
2016-10-01,1003,954,1062
2016-11-01,1180,1069,1293
2016-12-01,1363,1253,1552
2017-01-01,1769,1554,1872
2017-02-01,NA,NA,NA
2017-03-01,NA,NA,NA
2017-04-01,2173,2144,2193
2017-05-01,2039,1958,2156
2017-06-01,1809,1646,1950
2017-07-01,1434,1252,1632
2017-08-01,1128,1055,1242
2017-09-01,1067,1003,1154
2017-10-01,1022,989,1049
2017-11-01,1259,1030,1435
2017-12-01,1612,1429,1886
2018-01-01,2032,1905,2134
2018-02-01,2209,2092,2287
2018-03-01,2296,2276,2329
2018-04-01,2310,2230.66666666667,2335
2018-05-01,2111,1975,2223
2018-06-01,1803,1594,1965
2018-07-01,1395,1168,1584
2018-08-01,1162,1118,1220
2018-09-01,1083,1014,1162
2018-10-01,1101,1027,1220
2018-11-01,1454,1261,1756
2018-12-01,1942,1773,2055
2019-01-01,2135.33333333333,2060.33333333333,2211
2019-02-01,2285,2206,2353
2019-03-01,2381,2355,2399
2019-04-01,2331,2240,2372
2019-05-01,2165,2014,2248
2019-06-01,NA,NA,NA
2019-07-01,NA,NA,NA
2019-08-01,1192,1080,1294
2019-09-01,1014,980,1076
2019-10-01,1094.33333333333,974.666666666667,1229.66666666667
2019-11-01,1284,1148,1488
2019-12-01,1681,1385,1947
2020-01-01,2056,1950,2119
2020-02-01,2157,2016,2277
2020-03-01,2248.33333333333,2157.33333333333,2306
2020-04-01,2202,2060,2260
2020-05-01,1928,1750,2048
2020-06-01,1593.33333333333,1465,1745
2020-07-01,1445,1316.66666666667,1561.66666666667
2020-08-01,1155,1072,1309.33333333333
2020-09-01,NA,NA,NA
2020-10-01,981.666666666667,946,1026
2020-11-01,1074.33333333333,978,1180
2020-12-01,NA,NA,NA
2021-01-01,1884.33333333333,1668,2050
2021-02-01,2167,2022,2305
2021-03-01,2321,2290,2345
2021-04-01,2330.33333333333,2286,2348
2021-05-01,2093.66666666667,1923,2279
2021-06-01,1798.33333333333,1610,1926
2021-07-01,NA,NA,NA
2021-08-01,1104,988,1220
2021-09-01,1003,970,1035
2021-10-01,995,953,1090
2021-11-01,1211.33333333333,1072.33333333333,1489.66666666667
2021-12-01,1720,1481,1909
2022-01-01,1859,1797,1928
2022-02-01,2021.33333333333,1895,2122
2022-03-01,2180.33333333333,2129,2236.33333333333
